0.6142200784561482 0.4677807923007371
0.61441300296204 0.4674665982634608
0.6142886961612632 0.467192965512342
0.6143207111138274 0.4664897380324942
0.614356179107688 0.4660766477307628
0.6143300135420386 0.4646053114677315
0.6142265545355212 0.46253090668350705
0.6136966128747867 0.4628184355266052
0.6135563948557287 0.4631088801939159
0.6129572295968543 0.4636849734915779
0.6113487067643948 0.4647769416152342
0.6097571923684888 0.4640408936350065
0.4761113195286122 0.3990761151262735
0.45480377995981097 0.38875840565046704
0.4471755978986474 0.38514041204856647
0.4440884607661216 0.38371482459883727
0.44345293166470834 0.38341907649695744
0.4436727756923442 0.3836530642595276
0.44517041829117043 0.3841059033816216
0.4453174355754576 0.3840430856874826
0.4453924520961006 0.3840919780015018
0.44527674968003805 0.3840930075168512
0.4457196197330338 0.3843823190022427
0.5824012624776737 0.47045134833215996
0.5801692547067462 0.47168589306517295
0.574613226329451 0.4672770757341494
0.45167040873672526 0.3883712079707097
0.4472949148839913 0.3855017498899265
0.44617291723136027 0.3846995224005016
0.445460303104002 0.3842962884974395
0.4454668761950629 0.3843060400425381
0.44556083762035614 0.38435597505273644
0.44548327750757244 0.3842859650823525
0.4456757876057624 0.3844954297303697
0.5479748753460532 0.48128221908756885
0.5111460684058757 0.44683955106457396
0.4456008901817699 0.38440767532120385
0.4454898828531456 0.38433077286730266
0.4512967301052422 0.38988308977039304
0.44546792495728676 0.38407804056006106
0.44553411476668275 0.3843435446296912
0.5216809691094575 0.4915939839693583
0.44561529205948996 0.3844960143251168
0.44538874983055865 0.38417912529621695
0.4455929130942509 0.38449115422280655
0.5057571303698332 0.4959488700275036
0.44559133657715305 0.3845503999840824
0.44544300170953594 0.38424572897522974
0.44549641052997935 0.38448460606859725
0.44549415561775957 0.3845138935300454
0.44547605572646815 0.384546991199542
0.445457030353827 0.3844941436296812
0.44545083658886026 0.3845101747324648
0.4454374200255702 0.38449975843276
0.4454162568708766 0.3843812402999913
0.44540944308988595 0.3844046427737016
0.4453812858569282 0.38448990552740575
0.44552036371716597 0.38447420963519824
0.4455183297708596 0.3845088260358554
0.4454051157615493 0.38476487901100026
0.44540831416174 0.3847709299537418
0.44540965515287523 0.38475632178696234
0.445414661322077 0.38473907212601427
0.44554095347744505 0.3846939935853892
0.44554265540862936 0.38469148326733116
0.4455337109923077 0.3846956320756171
0.4455334522655866 0.38463476306224675
0.445605572434432 0.3845744936337723
0.4453404196103396 0.38477459754882015
0.32054981784065223 0.5271502428608241
0.2896459741361371 0.5624144591371295
0.27721194625509316 0.5765699820920376
0.27283921391719246 0.5813809849093173
0.27219370645532004 0.5820815985384066
0.2722651951797791 0.5819459242070261
0.25603764292454617 0.5764255591196393
0.2539449800145161 0.5754943006084727
0.2694158022184494 0.5783361018593288
0.2730790963281204 0.5784392174573182
0.27419076127603126 0.5784946015369933
0.27509295019006835 0.5785230176307495
0.3446867574151015 0.5905115938844722
0.34039532652537247 0.5941217775166328
0.33594528957717007 0.5985932696604629
0.3330076627664601 0.6012905832011216
0.32740178597646874 0.6045174980610766
0.3242110047446633 0.6091639960865238
0.32110200545364903 0.6131967812991348
0.31610035267256603 0.6179344240252956
0.31233732151117843 0.6231865710906196
0.30802945067136545 0.6267722767735884
0.3046626507041074 0.6310449187437562
0.30069154558195216 0.6349736706652593
0.29817509243630863 0.6386416437478443
0.2935682671116121 0.6442444670624792
0.29112253676742206 0.6475276582514014
0.28700363166729065 0.6524362182163685
0.2839160926083274 0.656404164443197
0.2812836697518062 0.6597817292503695
0.27763863846637477 0.6655304712362404
0.2755721876633969 0.6692696230287823
0.27243735117426976 0.6729095602266867
0.26994433929183703 0.6787467623225485
0.26852935849602894 0.6822673682830832
0.2661067495288363 0.6865405470361433
0.2640101932685059 0.6912393237972679
0.2629674810524075 0.6947088190304158
0.261444765480839 0.6997827710479758
0.2616477239776146 0.7049959777013818
0.25966629445660916 0.7101045595830792
0.25968300729141186 0.7158336775199199
0.2596604473293422 0.7202689992130719
0.25898715817930085 0.7261879551860578
0.25896560834321064 0.7307995628399242
0.25876513526037836 0.7328348314649327
0.25948454880310523 0.7360386304338725
0.26156690452584247 0.7396178630859244
0.26223772786318406 0.7441951419830518
0.26410416639296946 0.7480201341121953
0.2662045940431186 0.7524323829494531
0.26861298666081623 0.7559652301499994
0.2713427871602419 0.7596007451990764
0.2749203228779072 0.763860155048501
0.2788526543777091 0.76728691147211
0.281720222965139 0.7711865625289591
0.28629788835573466 0.7742584365954085
0.2906598192448857 0.7765252271621141
0.29638732702543064 0.7786603084310856
0.30148107430190985 0.7811711780036799
0.30711207467313884 0.7843242670279088
0.3132707554966117 0.786208312371388
0.3198506270514469 0.7884956889499872
0.3265626365691185 0.7899257968436949
0.33446982955933885 0.7907710157881512
0.34169182520894475 0.7911007354673723
0.3497128056678048 0.7912433508604226
0.3576378975010081 0.7922047597024267
0.36624767551831433 0.791199295133754
0.37476629893922986 0.7921771299440031
0.3837735350487773 0.7898210860817974
0.3930607616046111 0.7905118521193512
0.4028295241093436 0.7887657510670449
0.4119821578669952 0.7863464731359886
0.5184675670922961 0.8400498626423828
0.5075505951867597 0.8325333622963519
0.44144345566133436 0.7801842386182855
0.4515387540790199 0.7767568429983364
0.4615576821886332 0.7727254112052294
0.4711963466160255 0.7693313073352251
0.4810253886674411 0.7669356146555134
0.49088999103589576 0.7606921533906662
0.5013767596703015 0.7580793968591136
0.4994095036306583 0.7567807557972409
0.5210507724289916 0.7479618558742682
0.5303560254030576 0.7419110980316677
0.5393160478270672 0.7370929746630288
0.548478118665148 0.7311644420261201
0.5568159781063089 0.7259180341320307
0.5662436890384785 0.7211032339094136
0.5743436134507831 0.7146207336052885
0.5821139003078272 0.7084611323343649
0.5890354324247178 0.704186953472518
0.5972623132253756 0.6964244660178724
0.6040831456566798 0.6900889574744297
0.6101040109510053 0.6845655531549091
0.616779366109232 0.6773317356471761
0.6229759295333207 0.6712016392373114
0.6290088652241436 0.6652131993456091
0.6335244967784027 0.6577182885175916
0.6382211702089727 0.6530250504653377
0.6426685021973287 0.645613363972412
0.6460512578861796 0.6402010805040911
0.6504139028131942 0.6323842626624396
0.6530125878393832 0.6272687909672677
0.6566820334012083 0.620414170712036
0.659055036051705 0.6139783835348507
0.6611597481307163 0.6090982271640506
0.663337391094578 0.6017583746498288
0.6645735906574225 0.5975981119134287
0.6660127013463998 0.591864123714211
0.6665406550963316 0.5866680989727314
0.6668216806262173 0.5813019963937347
0.6670101883412787 0.5753127372055723
0.666986087514482 0.5700487260009098
0.6664857591586769 0.5641686061123166
0.6658743069506738 0.5607851243771319
0.6644269840105753 0.5556056606385978
0.6629119536345645 0.5512598835900205
0.6612279094007909 0.5466932651690078
0.6598495114359215 0.5422881626659328
0.658266602659986 0.5382853033996441
0.6564243035644347 0.5345639861800549
0.6526887981324706 0.5312607874970601
0.6492971688218349 0.5269233872727364
0.6470702461701109 0.5233906460777261
0.6438506734257532 0.5211677788945988
0.6400297285506801 0.5179418759254375
0.6378480456831433 0.5143477358603331
0.6338000951015036 0.5119841991651514
0.6296846513706036 0.5084750580931793
0.6269790604625967 0.5074290934609401
0.6267544115177117 0.5066024992634603
0.6178837200457211 0.5003912981947456
0.6143343448516815 0.5003344904666023
0.608254280837621 0.49752294345492565
0.6041418380842815 0.497131755361091
0.6038567240985104 0.49628080619931614
0.594956053670661 0.4937611837787865
0.5885421308505991 0.49271744876357665
0.5888049386170758 0.4923523150011234
0.5806955452090068 0.4903657897876731
0.5794963152018217 0.4899952592269198
0.5684386358565819 0.48855703867666206
0.5626932205584431 0.48613247238455065
0.5625290507871982 0.48643632018335636
0.5512909996001594 0.48640372037419216
0.5472896876044245 0.48599843229080225
0.5406491978490816 0.4856771329707377
0.534673397081341 0.4853139824199852
0.5312499537379036 0.4844282144058297
0.5224271261777197 0.48694365270224815
0.518361630681362 0.48663313647406276
0.45009413993914554 0.39164053268155974
0.4463329189958724 0.3864528625900882
0.4452527247161252 0.38504082844227244
0.44440438713321334 0.3839048524267309
0.44420520865635826 0.38346267217579094
0.44326382861274205 0.3823196237498141
0.44402343964470437 0.38324129967499854
0.4446568007299575 0.38405144699199495
0.4448345542124479 0.3842583972698225
0.44501141564140007 0.3844137934750734
0.44515940615120647 0.38453232030305373
0.4452343436750745 0.3845984548547056
0.44526327249841036 0.38463897092341415
0.44527093191054934 0.3846289178683749
0.4452910410657312 0.3846420025335583
0.44530712546220624 0.38465257753641086
0.4453203304508785 0.38466063372174625
0.4454095273829407 0.38457725271301774
0.44510445554338995 0.384940602846796
0.285618353449154 0.5671406499140018
0.2764928342885033 0.577489044230684
0.27456841909328794 0.579552178164298
0.2744301883654314 0.5796252180220018
0.2747289265346875 0.5794251408436827
0.2749525366207771 0.5790554832683793
0.2750749009455704 0.5790376398685304
0.3597722256912511 0.5462548569947334
0.35301054916750124 0.5507875490170294
0.3493044254566541 0.5557075806536972
0.3571398485107314 0.5517494434507102
0.3406813179190959 0.5637774095229189
0.2823108421359768 0.576902628973977
0.3295565829916885 0.5749471083213953
0.3246678187249073 0.5795117118051151
0.3207380574135612 0.5852857100645058
0.31596218788740105 0.590408316749765
0.31304049857987815 0.5950548592001595
0.3085053074845199 0.6007738926557232
0.304953336966205 0.608648501725181
0.30168547283714564 0.6143574636219326
0.29860609362987545 0.6204950143411013
0.2952132509165842 0.6262307863484575
0.2928807451450333 0.6337251164813676
0.29019168454529115 0.6409088521276001
0.28772511368072584 0.646787386620508
0.2856738763437446 0.6552620461721017
0.2845192019455469 0.6605469981542935
0.2833997479682481 0.668110202888423
0.2825222249733996 0.6766176842153434
0.282397008263445 0.6827044359469661
0.2830425544991971 0.690638323292118
0.2821401757757353 0.6983760814167581
0.28316387850241986 0.7043545973619311
0.28535916449308635 0.7122987348378454
0.28591084012954243 0.7217082517485799
0.2885435000350006 0.7286164131775644
0.2903471543898165 0.7334152555676438
0.2941546632950995 0.7426660476176014
0.29798392232317855 0.7480565818826082
0.30165803209496095 0.7562207930300635
0.30686420745362797 0.7616126468072549
0.3120357353649539 0.7674807273648044
0.3182573814438346 0.7733963961261795
0.3249928314625371 0.7795440655774731
0.33135226666212664 0.7860314629756474
0.33908453826166074 0.7902572526454805
0.34682118885209695 0.795085170476072
0.35502076146600864 0.8008003830391748
0.36387174061283284 0.8041313206189997
0.37321297793849767 0.8070561409955382
0.3829323728609048 0.8105853027229702
0.39271776648760004 0.8122887808021083
0.40271004927547543 0.8142613126267092
0.4133844460516829 0.8158244428324386
0.4241494096639377 0.816985371201704
0.4358587122831776 0.8176286534734873
0.446902999377043 0.816464765185224
0.4582444844982368 0.816037281196142
0.4583341759418592 0.8169219782557005
0.48234947940982764 0.8089343241630992
0.49290972414624123 0.8091373442084726
0.5027877168194332 0.8064084154396589
0.5152699263679965 0.8036689560034787
0.5265791708110978 0.7961200013335272
0.5365221025387134 0.7941352332209519
0.5478669540566491 0.7881377497361971
0.5580410161863739 0.781255684187588
0.5682750549931727 0.774717957906205
0.577225064706012 0.768896727290442
0.5868835050318718 0.760960467405554
0.5952702433159147 0.7552777309976638
0.6034095281471796 0.7448688482467545
0.6116440706864502 0.7385812165054987
0.6193958671627343 0.7303757077889935
0.625909408092332 0.7237275210783441
0.6326401710231694 0.7119795528309145
0.6391677564566107 0.7043165127233072
0.6443724594409497 0.6976219190893564
0.6489731429233907 0.6872552180698858
0.6538869754522091 0.6786891383197611
0.6571148263202501 0.6703149417549206
0.6608743850118657 0.6600413045887238
0.664008369782212 0.650161694698276
0.6667217179938196 0.6422831455689973
0.6686337739396659 0.6355099767156107
0.6693788220081726 0.6255080172279646
0.6716528050166408 0.6168615544423656
0.6717283525625373 0.6078001434351425
0.6727222845947121 0.60079362989884
0.6719740303625984 0.5925074111161716
0.6706842089236267 0.586268889351991
0.6708655982534816 0.5782013262529194
0.6692570499734092 0.5691930439516399
0.6672407524916709 0.5625543668438677
0.6660454806018057 0.5553181905826982
0.6639004782299489 0.5468903130742228
0.6612490379697726 0.5407576064118623
0.6576929420615031 0.5335166883411261
0.6547326018855494 0.5283838543297977
0.6506238728738802 0.5226509745381407
0.6477690183964392 0.5174127612674417
0.6431442969012622 0.5108645105495403
0.640758550585723 0.5053908975955336
0.6357051638497838 0.5012887305963658
0.6321604316791393 0.4960942765600947
0.6261983859202963 0.49200900615528775
0.622304195584177 0.487920708518642
0.616322335679551 0.4842709820483371
0.612759160269143 0.48025459394491465
0.6116613112116941 0.4793482889912282
0.6029014074939012 0.47575508699510016
0.601469146890464 0.4744914525219341
0.5901825364367387 0.46776801576590493
0.584969565388425 0.46479104019528933
0.5786819884076978 0.4621450741264259
0.5784043702786 0.4615342100729883
0.576385899192165 0.46040295957207406
0.5603996012296113 0.45511855957222025
0.5526538227888208 0.45465516521314925
0.5474353755243238 0.45391737486791034
0.5406811477462793 0.45302659730111705
0.5346928645342721 0.4524601188827806
0.52743269102674 0.4522666466078029
0.5220028644433542 0.45112557532438846
0.5210271716755328 0.45105677432541647
0.5088961400715459 0.45262783353494035
0.5090247585722404 0.452017839608883
0.5067211518357645 0.4519865306769114
0.5048685681734995 0.45196332435462644
0.5033876815715871 0.45194453530453466
0.5022029794771425 0.45192950270037485
0.5012552172275097 0.4519174767259899
0.5004970074230698 0.4519078559473785
0.4998904395799143 0.45190015932444705
0.4994051853192469 0.4518940020272818
0.49901698172615233 0.45188907617382373
0.4987063903225228 0.4518851330601721
0.49845817336648385 0.45188200039648396
0.4983178532000735 0.4518844578662508
0.4979246259978297 0.4518624831073004
0.37963089592404153 0.4417922470617759
0.37694004068950904 0.4415703797839565
0.3739127108016824 0.4413180687432604
0.3714857480829778 0.4410492353899519
0.3693408398057545 0.4411349785365266
0.28159705888724346 0.5686441705660364
0.276041100564681 0.5767962759557702
0.3526925426581974 0.5264654746711693
0.28451852304333863 0.5724457740565078
0.35710936265775606 0.5283295713967724
0.3530297548257271 0.5337101813864559
0.34760894552354615 0.5398949683466606
0.3420536956146023 0.5472205231080648
0.278574575640792 0.5765612802171429
0.2772183846219434 0.577365322095758
0.3291184648035541 0.5667694414034025
0.2784810314921521 0.5776340234476435
0.32207294760623423 0.5836413269975658
0.31824118520800404 0.5915211300334735
0.31601078676906835 0.599315686758197
0.31322178321279504 0.6090492272519793
0.3117321997152654 0.6169511689046323
0.30873744445637913 0.6269885547774092
0.30861145732492984 0.6345171088290787
0.3065578526911544 0.6442829278621793
0.307379022800121 0.6539592711237111
0.30683599939829354 0.6628007394744323
0.3075571371672379 0.673317827267441
0.3083594535114708 0.6818609095634249
0.30977785954991516 0.6910619521199031
0.31211394951470806 0.7001763575023199
0.31497849743008954 0.7096185841880851
0.31913293052146297 0.7192835431907619
0.32319051586785785 0.7283705702799516
0.3262761582866656 0.7414029206273365
0.33212094598779335 0.7462551153119795
0.3366612474058936 0.752850752557052
0.3452689700375047 0.7603402719046048
0.3522032210524541 0.7693436801804574
0.359882377500674 0.7761614950240586
0.3684778612635602 0.7826320936466329
0.37747978265336807 0.7889742478509452
0.3866798947838769 0.7943035652251379
0.3966826551006662 0.7997246158194374
0.40677514160949785 0.803495735265061
0.4178114689396697 0.8071356631428178
0.4296585939230045 0.809444055671238
0.4403800341562798 0.8126609935027543
0.45111055546575884 0.8131580533557983
0.46336379536321176 0.8133272572504905
0.4759796546671424 0.8118228030528891
0.4843868935475013 0.8115843008431277
0.4873666810534814 0.8122521125624247
0.49170889084960206 0.8123225762966148
0.5230785578607798 0.8022825087325376
0.5346483443490628 0.7981869641948327
0.5456070066095161 0.7949148586112664
0.5567901741008038 0.7890587176656586
0.567356479580365 0.7836709640118861
0.5759299935210558 0.776483489334221
0.5864983795720762 0.7685873432584134
0.5957335646098778 0.7600644165170327
0.6046469641711638 0.752371642622567
0.6131343645324194 0.7445887225270592
0.6202743750075156 0.7353938649423855
0.6274736689779253 0.726408498478374
0.6343147674246097 0.7146730385020293
0.6399416495405117 0.7033329763293056
0.6455806734896992 0.6968553452246659
0.6487927020250173 0.6861344388229788
0.6545131354285082 0.6756037021219572
0.6586689945208498 0.6645224570209329
0.6604320274160633 0.6559545488659565
0.6641245889663039 0.6449602267396493
0.6659814056732708 0.6358595743630696
0.6664874127072192 0.624312092571038
0.6681904662748633 0.615344181059396
0.6682242223375836 0.6042990505731017
0.6677537763878941 0.5947723763985703
0.6676603560427654 0.5867998840886555
0.666440056360423 0.5767253382828463
0.6659735665558807 0.565340725326172
0.6623269507015203 0.5573513096212566
0.661423721004485 0.5486643363287398
0.6589932620221746 0.5386496223324337
0.6561570150975242 0.5321243357173077
0.6512668531360118 0.5239314513446334
0.648336429906362 0.5159074761848138
0.6435113432997331 0.5089473101176386
0.6402735047859258 0.501195089298416
0.6366047091158658 0.494621256850722
0.632081508616521 0.4889616333133851
0.626751953701405 0.4827487399804976
0.6265297421486183 0.4812479788222084
0.6249112478990504 0.4787390309345383
0.6236116269765917 0.47672757333956167
0.6225866866920323 0.47512779335104643
0.6217014266151446 0.4738069697477876
0.5925519645368067 0.45504896278038764
0.5865387757193239 0.45152423107012585
0.584886066180475 0.4500324482293909
0.5827238601006346 0.44843730062723364
0.5650492309741686 0.4406565345047453
0.56570227653111 0.4404648220482359
0.5633452444718287 0.4391449020531551
0.546010908135123 0.43511147824191604
0.545814413285932 0.43452068530044924
0.5317465583002173 0.43296555067138687
0.532076629332873 0.43236531037921194
0.5296552694611514 0.4317356477499941
0.5277207186316685 0.4312310304919614
0.5261086426768615 0.4308286970531565
0.49714586073928 0.43105015502458643
0.49523590965214626 0.4308176446202159
0.4816693402155144 0.4346263819607797
0.4805322623709958 0.43412004351650274
0.47790822288130747 0.43434134523770856
0.47580073091388164 0.43452140634947806
0.47411557533199206 0.43466514905555953
0.47276742987758447 0.43478014869179626
0.47168915321555127 0.4348720805171078
0.4708812067610972 0.43493013440317446
0.4699717859556111 0.4350511139419638
0.35851517494265556 0.4665218640968016
0.3543577141542944 0.4676123534513705
0.34928423384084906 0.4689798847466937
0.3451795897759992 0.4700869036927414
0.34189665431633265 0.4709722979828371
0.3392703374358074 0.47168061692690383
0.33716921912699643 0.4722471806430138
0.3354738809057281 0.47267914343038886
0.3341891797966576 0.47312322275448615
0.3624212159606384 0.5165762534607469
0.3584199709085974 0.5260354427514471
0.3601027266170171 0.5254909777319036
0.3603211543187461 0.5276046739926028
0.36049662041677927 0.5292841315144101
0.360618496411166 0.5307244875723577
0.34979493354049834 0.5736407925626813
0.3356872505750012 0.5782738296610951
0.3330980310209938 0.5901919815068501
0.33236278634473687 0.6003146528779056
0.33093593491825196 0.6107669631507567
0.3298811310957022 0.6205437677888002
0.3292214570503709 0.6333420929645845
0.3295453588897505 0.6404011505610354
0.3303250742322068 0.6545486011857687
0.33194663264707286 0.6654360557136662
0.3347101603253729 0.6753489079962618
0.3365526906473042 0.6869473803398306
0.3399105525365986 0.6983898663002338
0.34250101175392683 0.7072074709760908
0.35021584256870697 0.7178107505031818
0.35481800540730524 0.727356025849978
0.35711001403750053 0.7395277638205935
0.36588330313105916 0.7484914641915434
0.3808173289251298 0.7527955657901075
0.38341980795670483 0.7605108969529875
0.3920334097517042 0.7676200947369384
0.40247778593439265 0.7762795551547433
0.41006177849133346 0.7827649179684532
0.4224026096474503 0.7900916653633726
0.4323170399602467 0.7940602058061231
0.44240243336149765 0.7980672320137041
0.4556265099825566 0.80087473417941
0.46527917076825276 0.8040464809335306
0.4741425585817101 0.8030227894938805
0.4899698706469713 0.8017030166147341
0.5037066600198625 0.801831081902273
0.5114652826409146 0.8019469772445786
0.5259576876719382 0.797888598854909
0.5357881570226143 0.7947756109896932
0.5487863299449826 0.7900585016600904
0.5592984075591377 0.7839118153708174
0.5682038162544498 0.7805824419553002
0.579649261605776 0.7736838531076795
0.5895045409558782 0.7651125090575787
0.5981456183507889 0.7573131396294303
0.6061133722523189 0.7466703311340176
0.6167335859899388 0.7392938236377751
0.6230144661351434 0.7301159608714574
0.6304827911399319 0.720036177335499
0.6361137250940401 0.7100109695929722
0.6423694881612994 0.6984482974682903
0.6474168162013159 0.6885819811381766
0.6525471560039248 0.677422721328851
0.6562504436546283 0.6665754383624778
0.6595216239912685 0.6555680994314216
0.6624683325953392 0.6441840358928225
0.663393093605613 0.6331152828120873
0.665441215743111 0.6214552522257127
0.6666529498231952 0.6095794244150657
0.6654088703356118 0.5991426824029074
0.6671781866299027 0.5882697278076766
0.6646414225093087 0.5777973516880287
0.6645282052533672 0.5656102743096095
0.6611495758159193 0.5554305661538458
0.6601449193282375 0.5465232583440928
0.6565151726772359 0.5369838202616031
0.6541897061190263 0.5276170168986454
0.6503833134328585 0.5189626687454786
0.6460772612830669 0.510161166767966
0.6427615707344757 0.5033917853962385
0.6382826029683617 0.4940520209411864
0.6341295112826407 0.48672935559321767
0.6286239525974584 0.4802367060902126
0.6290144407520994 0.4789634546445628
0.618387666596963 0.4676817793859522
0.6184183998459216 0.4665802474630285
0.6166086002487562 0.4639954922816828
0.6151528512448367 0.4619203428754619
0.6139891507317625 0.46026105793189276
0.6130581960552732 0.45893363530204684
0.6123134318775071 0.4578716967927386
0.6117176205315655 0.45702214598182955
0.6112409714550224 0.45634250533329745
0.6108596521937902 0.4557987928144739
0.6105545967848045 0.45536382279941495
0.6103105524576158 0.45501584678736773
0.6101153169958649 0.45473746597773
0.6099591286264642 0.45451476133001983
0.6098341779309436 0.4543365976118517
0.6097342173745273 0.45419406663731715
0.609654248929394 0.45408004185768963
0.6095902741732874 0.45398882203398755
0.6095390943684021 0.4539158461750258
0.609498150524494 0.4538574654878565
0.6094653954493676 0.45381076093812095
0.6094391913892663 0.4537733972983326
0.6094182281411852 0.4537435063865019
0.6094014575427084 0.4537195936570382
0.6093880410641392 0.45370046347345355
0.6093773079058403 0.4536851593250311
0.609368721051559 0.45367291602703885
0.6093618009983519 0.45366312459062624
0.6093567200246799 0.4536552626274102
0.6094559171695249 0.45364243471071414
0.6090352524281182 0.4536638328362697
0.3995570825432874 0.46692339703742064
0.39886563620369697 0.46696382605225595
0.39664353855011775 0.4671018433672595
0.3947793378658386 0.467217735661202
0.39328863685398985 0.4673104077358336
0.392096120491054 0.46738454258126955
0.39114210716050324 0.4674438504728345
0.39037889647347346 0.46749129678739154
0.38976832792930705 0.46752925382412086
0.3892798730223647 0.46755961965070403
0.3888890980127565 0.46758394301312883
0.3885765773610844 0.4676031288639356
0.3883491925853592 0.4675558004683034
0.3880584593173364 0.4678146673551372
0.3419916977226862 0.5949377722331056
0.3401958637223419 0.6088102818443938
0.34011948528008196 0.6191056513497554
0.34037549137910367 0.6320234908725476
0.3417459806564954 0.6435738114310203
0.34360559057986684 0.6566947458465966
0.345773854936066 0.6661420307566733
0.3488795042237328 0.6795957975685024
0.3518364733071898 0.6924483911948891
0.35697599014517484 0.7032172524723669
0.3615140892153213 0.7121834394039381
0.3667564609347561 0.72241057249289
0.36689258024745 0.7249192571906915
0.38150284176088345 0.7457004029138702
0.38163762029315024 0.7475087905520754
0.3973412192901023 0.7630713610811134
0.4058572820585788 0.7730183009487984
0.41919950268791006 0.7779196057314788
0.4285811910200336 0.7844046870659996
0.43792292756138046 0.7928179259234527
0.43821427554493625 0.7935013830960841
0.4613850339236976 0.7990467152083641
0.47157509086929006 0.8022810679254537
0.48420523055041287 0.8037493252320058
0.4858586872256079 0.8055480254011286
0.49016754015472813 0.8069212607845552
0.5198417056147221 0.8024453225886278
0.5329438992889457 0.7961698286731197
0.5455958087641437 0.7931638085263663
0.5570387037019902 0.7879403500585254
0.5647728060627402 0.7849133865816548
0.5685570715219864 0.78421636688054
0.5885509364811906 0.7670403934444711
0.5970096987982931 0.7579738341334307
0.6051237994193572 0.7487149415920461
0.6148484362200584 0.7408222750993458
0.6218577173852291 0.7293833915554772
0.6302552315560735 0.7170895120166538
0.6334420560305667 0.7072098576963267
0.6391059118191615 0.6930524781905785
0.6443728738381242 0.68076392222457
0.6477920420921632 0.6679518197509667
0.6513510382542042 0.6564069846844177
0.6540079871709558 0.6436902703836904
0.6552303614010166 0.6297587212683357
0.6559876913311529 0.6160273122941264
0.6556636682056796 0.6041099024634631
0.6571716744789748 0.6034415090535905
0.6553127209601255 0.5788592898350273
0.6536559525384333 0.5655495946766742
0.652607443136243 0.5533685246892011
0.6501367770491249 0.5421498559914326
0.6510120398498682 0.5410972571338178
0.6448293803202032 0.5195268133965498
0.6409979056414834 0.5076069195024869
0.6417824969768278 0.507079914922191
0.6369487235515712 0.4900396723469307
0.6361746036279184 0.4864944075600864
0.6309282940091107 0.4713614353643366
0.6304715329398936 0.4689902738887288
0.629450787738249 0.4653870888460937
0.6287032702308197 0.46259025968349865
0.6277602847216137 0.45990415248235844
0.4806925985943299 0.2674483952524804
0.47072974531940404 0.2542850402955951
0.4672965357844999 0.24966326281826526
0.4666699048995588 0.2488727013087128
0.46731951794420873 0.24985165771770051
0.46801116482423905 0.2509043128791354
0.46838961026915665 0.2514603849173827
0.4685966737139058 0.2517418986145103
0.4687602053714852 0.25193875848842745
0.46889628198187655 0.2521345196296302
0.46900486185889617 0.2522971373506639
0.4690287035067245 0.25240452820295706
0.46902577981264454 0.2524684960897415
0.46904648864989423 0.2524361355351414
0.4690594822004397 0.25242091720685245
0.4690583510816496 0.25239482914518235
0.4690349313503008 0.25238483315298277
0.46903999901843135 0.25239916845245314
0.46904196222607886 0.25235107335689533
0.4691342752901859 0.25224818158675577
0.46873651135646804 0.2524023272187822
0.2703420798503894 0.35993296579532913
0.24543887196248274 0.3734725789759794
0.24184661067370264 0.37539655465507854
0.22104615076321857 0.38666699812593447
0.2285775447218481 0.38300942689871237
0.22892543126138143 0.3827145870480254
0.22893622807112826 0.382708490338073
0.2290985794208708 0.3827113088607501
0.4068070981937928 0.2859477371538757
0.44806901528085025 0.26345983142790136
0.46596962006052567 0.25366537660211413
0.47239230018541584 0.2500921410405698
0.5482917997991357 0.2007314854102674
0.54669815040719 0.19552473315136532
0.5469376185774104 0.19014383031175947
0.5450423784954683 0.18634800057569936
0.5440502880681659 0.1812242157810518
0.5544561628336871 0.17579364431255548
0.5575428406015399 0.1722113562680915
0.5378576163531772 0.16804910301897552
0.5369644323332157 0.1638544293294174
0.5357965752135696 0.16160760431014198
0.534583472526283 0.1597570249848149
0.5328622138572322 0.1518277961459352
0.5327143788698893 0.15312268967505335
0.4753222751463034 0.24174953801398594
0.4817543593850002 0.2295411571088227
0.5279898105081201 0.13719716959345166
0.5133004521008756 0.16270570595833614
0.47331406090971034 0.24293171999032498
0.5241977231652643 0.12667211168034814
0.5233846108877444 0.12299518770733016
0.5230766127697636 0.11984950914369061
0.523325375218513 0.11890029054394095
0.5252335350617781 0.11305234391941288
0.5267636684702346 0.10836175841863342
0.5280888076287509 0.10431364744741735
0.5286617863844222 0.10250074867886327
0.32280585326273703 0.7048514452464082
0.31045230416397346 0.7410321658606923
0.2993633189961283 0.7732773012009285
0.5128653890255035 0.09328930014015595
0.33919129564859524 0.6478819356687866
0.3684963017637384 0.5523957548355573
0.5105657257979889 0.08517135926986989
0.5089700593595924 0.08338657498252543
0.5077597573240118 0.07845069366990677
0.5192330538447123 0.04326558544246896
0.5275857283355464 0.014338395338933822
0.5341920390432395 4.686561243338111e-05
0.5051643676346991 0.06866295607391473
0.4810587048152237 0.1947274016675628
0.5018614619962051 0.0627472888570744
0.49920417478146617 0.07323823892792827
0.47601944333130897 0.21002862577754194
0.47170587354689053 0.23515111372929284
0.47064574040372525 0.23877447296723223
0.4689092668986768 0.2516775186397553
0.46868208858908744 0.2539190002888413
0.4685853909989242 0.2545668251507666
0.4686602651500003 0.25418651120860986
0.46777082281589694 0.25926772067836457
0.46737790637434534 0.26155388447732425
0.4687415852240145 0.25362262876960445
0.46892104504020543 0.2526459593127047
0.46900547082339694 0.25211792912062125
0.46904398919169754 0.2519064518850981
0.4690636343265271 0.25181377624298135
0.46907811109958825 0.2517907997532413
0.4690816094946349 0.2517777455420126
0.4690945893868056 0.2517577014303419
0.46908535738227486 0.2517652178985603
0.46909036748529037 0.2517297138511171
0.4690848725087342 0.2517647616044678
0.4690889322992426 0.2517435021197181
0.46908992636126573 0.25173818203137843
0.46909065229165475 0.25173445874650946
0.46906546157788165 0.2519414744434295
0.46906380669559994 0.2519743436652382
0.46906207726781746 0.2519877609843552
0.4690011643847789 0.2520442286562482
0.4689941884975744 0.25205373099237405
0.46899169422282827 0.2520713764258489
0.46896024333608854 0.25200570025736985
0.46895712422343305 0.251979002391751
0.468930208157925 0.25203330419062764
0.46892050863561624 0.2520470283948877
0.46891685606944633 0.25205147203309824
0.4689109500381847 0.25205478124461195
0.4689065910289164 0.2520581335611385
0.46890310603811736 0.2520608169418255
0.46890031786753433 0.2520629632979986
0.46889808732960825 0.2520646803814812
0.46889630289935325 0.2520660540484381
0.4688948753551502 0.2520671529820047
0.4688937333197877 0.25206803212885787
0.4688928196914976 0.25206873544634034
0.46889208878886557 0.25206929810032647
0.46889150406675995 0.2520697482235152
0.4688910362890755 0.25207010832206633
0.4688906620669278 0.2520703964009071
0.46889036268920975 0.25207062686397985
0.46889012318703527 0.25207081123443803
0.4688899315852957 0.25207095873080454
0.468889778303904 0.2520710767278977
0.46888965567879076 0.25207117112557237
0.4688895575787001 0.25207124664371194
0.46888947909862755 0.2520713070582236
0.46888941631456954 0.252071355389833
0.46888936608732307 0.25207139405512047
0.46888932590552596 0.2520714249873505
0.4688892937600883 0.2520714497331345
0.46888926804373815 0.2520714695297617
0.468889247470658 0.2520714853670635
0.4688892310121939 0.2520714980369049
0.46888921784542253 0.25207150817277807
0.4688892073120056 0.25207151628147645
0.468889198885272 0.2520715227684353
0.4688891921438851 0.2520715279580024
0.4688891867507755 0.25207153210965605
0.4688891824362879 0.25207153543097893
0.46888917898469784 0.2520715380880373
0.46888917622342574 0.2520715402136839
0.4688891740144081 0.2520715419142012
0.468889172247194 0.25207154327461506
0.4688891708334227 0.25207154436294615
0.4688891697024057 0.2520715452336111
0.46888916879759196 0.2520715459301429
0.4688891680737411 0.25207154648736846
0.4688891674946604 0.25207154693314887
0.4688891670313958 0.2520715472897732
0.4688891666607841 0.2520715475750728
0.46888916636429473 0.2520715478033123
0.4688891661271033 0.2520715479859039
0.4688891659373501 0.25207154813197724
0.4688891657855596 0.2520715482488266
0.4688891656640909 0.2520715483423341
