0.2620927526260272 0.4963671070168197
0.2676140074273094 0.49487926299095836
0.2730967765316452 0.4928290056962207
0.27819971506608804 0.4918023106067835
0.28571166275136667 0.49120781746863845
0.2907073305502211 0.4897554785027486
0.29615947812417 0.4885523543707746
0.3017414590285619 0.48903774358237195
0.30861257818590726 0.487777634232467
0.31376367649395576 0.4863177912232335
0.32141549419479604 0.4861293802638738
0.3264538703704434 0.4851631142311148
0.33220801720629534 0.48506939237471
0.3382682777458939 0.4834905654881896
0.34304145321053686 0.48427663945920946
0.34421855645434235 0.4837142062562316
0.35738175899498575 0.4852268060448329
0.3642809459207107 0.4852242389029091
0.36827883103334685 0.48469739377273746
0.3749179419869303 0.4861014834082096
0.38069324169495905 0.4853736701693879
0.3868178016599868 0.48651459390280366
0.392985292724522 0.4868348739663417
0.3987322410865957 0.48765811212019455
0.4045876861401204 0.48728089758009396
0.40982481244710556 0.4892274020894486
0.4163789888471813 0.4886527439748016
0.4203127174811444 0.49045325413356855
0.42732453496857403 0.491445806337094
0.43186970672117303 0.4919505812939179
0.4391134275391085 0.4929729009182679
0.4425041865301222 0.4939594489416647
0.44744052967620235 0.4955494301988227
0.4531477514716014 0.495088369030753
0.45757796750863544 0.4982391265082111
0.4621356317525115 0.49958043738130037
0.4675737909239043 0.5002651322466805
0.4713415814472753 0.5025811894015406
0.474745840485496 0.5045760489816886
0.47565361449211163 0.5562421689332189
0.47728150923335405 0.5493561338514124
0.4861297738297375 0.509815956061289
0.4937160293285473 0.5126745393256392
0.4960457801081988 0.5128818372830682
0.49831953556211755 0.5175587906041162
0.5018280390422865 0.5200023102566838
0.503846451657868 0.5210953805156526
0.5065368157654597 0.5246281415594207
0.5113041592555547 0.52570435503898
0.512595257907794 0.5281231432200508
0.5145142471607206 0.531686368695454
0.4806306276918983 0.5645495725908096
0.4759904745838669 0.569017868021727
0.4752124878176864 0.5702879498424305
0.4014755136744697 0.57605233651738
0.3973859814332613 0.5781559144999077
0.39555526009220165 0.5810298372407957
0.3952455946692971 0.5851712281773266
0.39382096860270377 0.5875570225676394
0.3886707360400583 0.5890240961180645
0.39401773315799676 0.5898328381545801
0.39537190367353486 0.5910869386076133
0.395403045399658 0.5926979425070023
0.45347553676871216 0.577821621150251
0.4470300425557421 0.5800492614157522
0.5116214188746806 0.578772351978522
0.5271369857711796 0.5804119978889437
0.5256019709668533 0.5844625398508815
0.52468818319667 0.5872775754031396
0.5234790944943495 0.589958655124924
0.5227689726811673 0.5922217142887303
0.5205260526087099 0.5973753969419798
0.5191087170479844 0.600769785586019
0.5180916238633182 0.6031369323508823
0.5152525419816557 0.6063233003728493
0.512611341167492 0.610916264450049
0.5110946381304784 0.6143131787137331
0.5088004336719132 0.6177268982389839
0.5052802446548507 0.6211620476831712
0.5037282335368695 0.6253578428913065
0.5000820818505283 0.6291875893848082
0.49728229388033085 0.6316355338027201
0.49563659914537017 0.6351077870077577
0.49136097887301483 0.6411161038441714
0.4893547962930672 0.6426346899431767
0.484796708807585 0.6475636708109264
0.48527290975480003 0.6474253110630616
0.4841400062742315 0.648793012432653
0.4832029010663605 0.6499118270261685
0.47057884753513113 0.6594801454746909
0.46455354073418825 0.6623680517701886
0.46166873616518733 0.6673167680178588
0.45647072677356576 0.6715108358799549
0.4524132891817184 0.6741860877451521
0.45234850021159456 0.6745537315094403
0.4440913126690755 0.6823308722067984
0.4378905393460609 0.6844270531165255
0.43542666171961936 0.687562127590075
0.4296046951094221 0.6911912325880336
0.4294290635282723 0.6915702487184863
0.4277373769458729 0.6928027972808167
0.41467226728039985 0.700274709634857
0.4074549079727145 0.7048044028520166
0.40288399142624093 0.7084188263054086
0.40283636861943267 0.708334089339672
0.4008902828407358 0.7095907593480237
0.3993936304877727 0.7105847599847325
0.39819737976281605 0.7113792776504831
0.3972403513054769 0.712014896070318
0.3964747278713056 0.7125233911891317
0.39586221682226386 0.7129301926189566
0.3953723167190987 0.7132555869055778
0.3950055340046089 0.7135050105938149
0.3945944842137235 0.7137549991572499
0.34337003685705403 0.7360054282612472
0.33486146991475185 0.7407620810833901
0.32913581456603325 0.7411289163048594
0.322180542668727 0.7451675536623292
0.31764578275131944 0.7476409658475249
0.31235402070591073 0.7483928706947579
0.3061585939524347 0.7518388355488583
0.30031865302442456 0.7520753110982086
0.2944012525055147 0.7553289017616277
0.29077359930228985 0.7560657776936683
0.2833703583676831 0.7584245334210368
0.27874458633149773 0.7588309687264773
0.2714516799783067 0.7609718046298571
0.2672049801936052 0.7621455351805565
0.2606867693616621 0.7638314699454933
0.25637805723971396 0.7623272292539514
0.250895467012337 0.7659127791388932
0.24649295314583392 0.7654764541775632
0.2409131749248154 0.7668069338463963
0.23537365434442103 0.7668175647758878
0.23152429033154923 0.7673962317069897
0.22609088566318536 0.7679329226982081
0.22270208018077364 0.7658453865975564
0.21829198992681234 0.7688317353855654
0.21356537932493735 0.7680112218679395
0.2114364291937337 0.7666779440393232
0.20433298899930952 0.767162117893239
0.20242408942533882 0.766532508381259
0.20036259521882183 0.7656024180512984
0.19742606862636186 0.7649470327671609
0.1919536992737623 0.7635118160046053
0.1899700152090024 0.7626655930403597
0.18731016443602166 0.7606349079504154
0.18559746012457537 0.7585711905269173
0.18360757509063091 0.7565274176481768
0.18276927691219955 0.7553685100432997
0.18191099728308918 0.7529271158148095
0.17971371556833832 0.7493775947878588
0.17843935561551405 0.7485683122961296
0.1779866062069344 0.7440944005488644
0.17861829334234047 0.7423585464869433
0.17856224817946217 0.7384525736972688
0.17816557015744616 0.7354232557808509
0.17792550451123193 0.7323020609216924
0.17946928594547693 0.7278274285883569
0.18201360692561247 0.7241372945641162
0.18270381827964963 0.7211590831385674
0.1848525638165064 0.7177273649638188
0.18864642609287252 0.7115405984881391
0.18766114652580684 0.7123144862785405
0.188382253850522 0.7108145717536416
0.19626688091429675 0.6986070646010679
0.2011619616122527 0.6935951036649796
0.20529772250258618 0.6878664277372706
0.21044969184265336 0.6815165064147063
0.214733138524785 0.6771073970391663
0.22021267429221603 0.6727075694383163
0.22618955353837633 0.6653907857671487
0.23137662892324143 0.6597942969997703
0.23584613753579073 0.6572046676142806
0.24314159595885257 0.6490362507430826
0.2515102070733867 0.6443314296397197
0.2588009368821405 0.6371307397031641
0.26588446407943406 0.6314067223586927
0.2735338261256574 0.6266059993934502
0.28223378401880345 0.6203488562860843
0.4174539730932414 0.5861003969392833
0.4097445746061864 0.5865424522419
0.307340112660669 0.6030434895002813
0.3158031125231405 0.5969732972455264
0.3246497535452846 0.5914495152983182
0.33396295753492805 0.5863803474036227
0.3429228851579293 0.5801405071515096
0.35171011387789314 0.5751668453314086
0.3613179538027266 0.5693937731399988
0.3713708052826981 0.5638886790031891
0.3777392921538425 0.5600144682242367
0.388920329952553 0.5537893860826926
0.3987922592615552 0.5489641222062591
0.40846304812687034 0.5439559841252681
0.4176571105597042 0.5389418454400399
0.42695878358852196 0.5337785497005004
0.4352567161485827 0.530238614196532
0.4456354823449518 0.5254627839788372
0.45365251048451943 0.5213603005020481
0.46286680687418946 0.518502952465751
0.47047668710256146 0.5153673838486021
0.478655687292315 0.5121750467107843
0.48577029746035666 0.5085195975286864
0.49451168243401233 0.5057983342888267
0.5024044513989017 0.5031601121884309
0.5087243123130623 0.5013472892113776
0.5159576193419579 0.4991467990259974
0.5239754185607263 0.49806894652704803
0.5287514214123054 0.49670252541340104
0.5355764333821805 0.49425238987138154
0.5415705748313234 0.49409294488954386
0.5474253934918418 0.4915003486425908
0.5517208603869791 0.4913226772662972
0.5582578567363651 0.49128168525680344
0.561326776259907 0.49077150423827726
0.5659175038148364 0.49055822908015273
0.5703078178563095 0.491594284231941
0.5735782105913396 0.4918360287453433
0.5765440670768219 0.4918153826745615
0.5796156215918687 0.492763394310876
0.5830663912952851 0.4946126320358661
0.5852052740618935 0.4947764290533356
0.5867107581860022 0.4963158668581927
0.5878694581750419 0.4986327773346828
0.5889298880167768 0.501434664002666
0.5907668548448644 0.5035951364793859
0.5920688539189883 0.505346648008185
0.5921367936349295 0.5062510151093434
0.5923240796986814 0.5079679181417702
0.5929086480876504 0.5108049871805224
0.5788825725729211 0.6213071364686085
0.5788934931615322 0.6214905210566005
0.5789170485497991 0.6213997910700877
0.5781083665444581 0.6301734788041697
0.5771679720993477 0.6383783568764482
0.5869673094642552 0.5319874982570281
0.5846537756597862 0.5357213244723844
0.584567769534917 0.5384006035254076
0.5788275533091211 0.6212385721339473
0.5788788558266843 0.6214290970453685
0.5788476529243107 0.6218227030385552
0.5788201420702399 0.6218696609610258
0.5787111529055411 0.6219674269922004
0.5786085279118095 0.6223408408155137
0.5786779247907577 0.622257422933457
0.5784185766722435 0.6254148153966348
0.5783374691797899 0.6264086987619215
0.5787687213855527 0.6221010734773447
0.5787968133313879 0.6220120616141595
0.5786681902820535 0.6225158432858626
0.5339070536719642 0.598028988053526
0.5294314437740586 0.6016267070141137
0.5245489644853653 0.6061913073379291
0.5785652103226341 0.6222292985816053
0.5138517798442436 0.616567518784135
0.5785119700905449 0.6221300148807061
0.5785055069654581 0.6221530195875536
0.4974917464813619 0.6312474457598071
0.49119106490642134 0.6403472273259276
0.5002914674193751 0.6379218981026759
0.47979483125232275 0.6491875119270628
0.47841265580066483 0.6489305484629004
0.46664028125596557 0.6609457155666951
0.46058172155913946 0.6673415894726207
0.4552338416758789 0.6719990997144962
0.4530817988043136 0.6725784669070765
0.45035317963492405 0.6746620827887054
0.4481672173904256 0.676333773071819
0.4464189434772964 0.6776703272134509
0.4450203267806391 0.6787395666108352
0.44390142016063655 0.6795949688760095
0.44300640995781393 0.680279199097393
0.4423169809506567 0.6808054403158117
0.4416408219627725 0.6813256394171293
0.38728412014693514 0.7245510212224711
0.37862112072918563 0.7312762465951321
0.3716353531786732 0.7369237207140975
0.36525056990852167 0.7425071492353269
0.35735020195558853 0.7444174583469311
0.3501761136390608 0.7518060228544269
0.3430861962522029 0.7551193654260563
0.33683349949035324 0.7605071424691761
0.3304837281484139 0.7617155598994534
0.32299406855446994 0.7679819992854234
0.3166741783735756 0.7756814419141707
0.31284929933263755 0.7767746244821994
0.3037640155571607 0.7809270890297687
0.29988784394836754 0.7839589651097107
0.2979134392020368 0.7852868453073237
0.2865930626173423 0.7906318445245974
0.28592007457663404 0.7913041752710898
0.27611123630671686 0.7950649454803856
0.27531123462651935 0.7957606874452263
0.2732134603785283 0.7967948099961041
0.2714946891236958 0.7976405042347682
0.25575111869172173 0.8050416310590498
0.2541509121005943 0.8051810352588574
0.24886009876209897 0.8072710378534621
0.2438899404933123 0.8075293246705731
0.24240013344108832 0.8079206240075116
0.24099244620982568 0.8084552014877944
0.23500536630155833 0.8081007475269957
0.23321698358991882 0.8074068622801295
0.23187503356774938 0.8059214109386786
0.23009122830308307 0.804282513250478
0.22930704581379957 0.8024830609119323
0.22847205928636746 0.7996260910755371
0.2287009281753378 0.7971805919134958
0.22973876263785953 0.7932488663805457
0.23170363123760693 0.7879266546182632
0.23353211750934358 0.7855391029224945
0.23505059214392446 0.7816478386556747
0.23677146834302926 0.7760558374785508
0.24026947383586103 0.7712060018395491
0.24334433242213835 0.7658397290532414
0.24728533169388628 0.7604769277299205
0.2523135539639277 0.7542166902173434
0.2564299921125247 0.7486105193927709
0.2627781791008993 0.7408975896391261
0.2685849073786823 0.73198712949675
0.27490706105407037 0.7251170464297733
0.28237967051660245 0.7163705657451068
0.28163095342536426 0.7168519131570047
0.30408338883099817 0.7047089182056377
0.3052523606143924 0.6880950208033692
0.31349910579639634 0.6793810210692418
0.3216459649698798 0.6705105510417616
0.33083444765389225 0.6623631135352591
0.3388249110430062 0.65305380145225
0.3503089036203871 0.6430777278333037
0.36055952042826456 0.6322071399731827
0.3701098357870136 0.621193984589788
0.38007843060633967 0.6126750840842615
0.38975695695108664 0.603226356745027
0.40087761201948074 0.5937115708562049
0.41035801538093 0.5841491325418288
0.4112207490701165 0.5832898508981503
0.4304049198376385 0.5669639269398442
0.44212406326478 0.5565335025205356
0.4530492559201431 0.547020133521239
0.4629563273646249 0.5385884105621878
0.4721108334419673 0.5299225933018727
0.4823793787410442 0.5220669512829051
0.49304229101273933 0.514041404353667
0.502160257716515 0.5070671838675447
0.5109966175803119 0.49957662961864296
0.5200624598964801 0.4929589267517767
0.5276005102086995 0.4865032389825187
0.5372946223245635 0.4795913708597397
0.545518559801299 0.4744768436081609
0.5519917691007027 0.4711501554432084
0.559988939464317 0.464866592020397
0.5674671804730878 0.46047994927999203
0.5743630715114887 0.4564937497295257
0.5804868649295549 0.45335920155241244
0.586668469136681 0.4498226864040285
0.5917130522477309 0.44676332457562623
0.5961868498360144 0.444892325581742
0.6019808012323573 0.4428937818281306
0.606365763582616 0.4415844764033931
0.6094978409068548 0.4404859823156962
0.6137197578007549 0.4391575895140643
0.615764039734289 0.43974455696042214
0.618831497386554 0.4402573139836991
0.6210486405020998 0.4422319813372299
0.6223421275931346 0.442581956878592
0.623848010108041 0.44397548426035804
0.6251406346716685 0.44593817263644653
0.6259512965408426 0.4471613877885931
0.6263937624142439 0.44903762740874664
0.6265054002484307 0.4512016071417369
0.626452354655743 0.45395643839163474
0.6262865119942493 0.45601131945932016
0.6253523188809974 0.4600235713368481
0.622602069372184 0.46609442334375345
0.6216296737844473 0.4703365471336451
0.62096663270216 0.47334817511728167
0.6165565213700274 0.47860893069087307
0.614691198864145 0.48282565856117216
0.5788254512735328 0.6207472349948557
0.5905961703818466 0.5746896008357577
0.5872989802045251 0.5861734757348653
0.602304914664605 0.5054202779166636
0.5978662917859682 0.514157117921468
0.5948326140545301 0.5176105391664364
0.5894600223541971 0.5261548731231351
0.5804146914123858 0.6094409360989315
0.5787623421196012 0.6208791575064699
0.5749616222407439 0.5470879263929764
0.5706995602547108 0.5590466461214825
0.5760084655227458 0.6040891461974232
0.5782510610312692 0.6185723836924423
0.5517512739217462 0.5722620911214651
0.5746022584634356 0.6154717624054237
0.5782656665794533 0.6212040316370729
0.5368164032274952 0.5982920708536597
0.5291651347764069 0.6032247201128573
0.5230417290765265 0.6112673158192495
0.5162606067962054 0.6184236434313648
0.5660196167616716 0.6203536030662729
0.5021556610645372 0.6361083642343259
0.5216412789515822 0.6320321739170827
0.5193737067672324 0.6341034768216953
0.4709393206670074 0.6174586419446317
0.5214091611104756 0.7646991583748248
0.5230820240213608 0.772909419083751
0.4816182390457145 0.6497091276527508
0.5191433158883438 0.7613982587158374
0.5237056504968898 0.7743323158382158
0.5238400963763854 0.7787467886385087
0.4358911254153003 0.7177524295749884
0.4233648405627006 0.7216820592583993
0.41450679580333694 0.7319322263435816
0.4063017246796612 0.7389829665422514
0.39914613133904486 0.7472389070493248
0.39209389074988865 0.7524379389368043
0.3843505471219896 0.7586556558424343
0.3787896281236753 0.7653734149481582
0.3712899922625883 0.7728342272548419
0.3639997633912341 0.780119971914832
0.3570168053225061 0.7851531211170978
0.35333326059915954 0.7891939290769877
0.34655649751997286 0.7963695738006824
0.33930341264594766 0.8010767291272205
0.33484783197460466 0.8089499767235394
0.3293777265527642 0.8110149305527767
0.32207061421912747 0.8130415797148767
0.31896505232327044 0.8156606804926847
0.312399032681472 0.8207348354575923
0.3093360234532982 0.8222874355387894
0.30562328756938845 0.8251803965854455
0.30207330701511637 0.8277277628866507
0.300939782420901 0.828575082320035
0.29909773574698917 0.829193547286156
0.2952660385579567 0.8303670683335468
0.29368083797131267 0.8296418630392614
0.29279205473277975 0.8285296049435257
0.29242603512687504 0.8270198459510594
0.2926858496572745 0.8241559589593941
0.29426799102160683 0.8202688707661688
0.295851949380248 0.8166016313372924
0.2974785147789299 0.812589641403235
0.2998490429392864 0.8074175990432847
0.3028426071140015 0.8033016681470462
0.30739994430077144 0.7963162773080359
0.31149345379378485 0.7895330390370463
0.31626682917768517 0.7822305238473456
0.32255895967065484 0.7714203537387475
0.35039665190704533 0.6752098298625671
0.34640488830142485 0.6916584980976149
0.3410752769999674 0.7476536796784576
0.3483676633923251 0.7366228438925694
0.3572880719698766 0.7274674002768361
0.36560804807513414 0.714606847072526
0.37568182083258567 0.7026380657701584
0.38358599123398185 0.6919680969174016
0.3937113666818583 0.6794057162081836
0.40470620589574885 0.6658728349850019
0.4147927362355847 0.652527061649557
0.42509002800391155 0.6386756598892317
0.4359385890254591 0.6263783176569266
0.44570570331902926 0.6157763477987305
0.45655696303485044 0.6032873523166286
0.46712823749918486 0.5901876717812727
0.47956769923873127 0.5764309697223637
0.4904771240724471 0.5634450618727369
0.5008236672275614 0.5505130587281567
0.5124502404045602 0.5386581129263257
0.5235547736518307 0.5265941528521224
0.5339438247463889 0.5150149110678282
0.5434805296401779 0.5046041334835679
0.5535285152314016 0.4946160808163485
0.5635952123724508 0.48307833889257906
0.5725845910660852 0.474454589429884
0.5810280818175904 0.4658679324023544
0.5893423657748048 0.4574804899607668
0.5982583534885045 0.45017540854031957
0.6057212066815422 0.4427815134478371
0.6132022643648002 0.4360711468628846
0.6185107231680568 0.43173199342758106
0.6245848463451948 0.42547890321870385
0.630611670086241 0.4201770239289415
0.6370246677958875 0.41665040149157895
0.6404504249023554 0.4136559278053688
0.6450596144210192 0.41049390194686297
0.648516162925065 0.4079544621972826
0.6513508987642666 0.4074882085808429
0.6525356051716904 0.405913700434107
0.6538648981755564 0.40516354923888603
0.5534363861449608 0.5401919265631481
0.5439158184255743 0.5540618798085686
0.5383655670726183 0.5619138183659791
0.5307528460094862 0.5725418539689883
0.5249843300282108 0.5806477081879045
0.6584637242824332 0.4166380463745372
0.6576160814212554 0.41961087180021617
0.6571824562850186 0.42245985735422936
0.6562783333390707 0.42774675084085073
0.6519504583921357 0.4347682443834387
0.6522261972887724 0.4326499690637639
0.6477051045841787 0.44359530384329776
0.644847682397065 0.449053838604979
0.6409165308452711 0.4572586363203091
0.6386354650312066 0.46198205752613913
0.6334315834737181 0.4701600200577976
0.6279391293099232 0.4779169738185125
0.6289451410796324 0.47731851758415295
0.6200297139085877 0.49263929713358084
0.6135455819117658 0.5017278556260301
0.6075836776539946 0.5106418544759558
0.6079175457154671 0.5105281225979652
0.6059600732331852 0.5137231653228468
0.5826286566300283 0.6054746929800379
0.5810179026375354 0.6088618803013817
0.5785075759896953 0.5559377833969138
0.5719071370034687 0.563835347524776
0.5647144800166288 0.5752383456433529
0.559095997312662 0.5835122734391323
0.5513034178570027 0.5941912861660348
0.5447378058511629 0.6013124863667094
0.5154699061269805 0.6079141888695798
0.5127130344300902 0.6084693848089839
0.5132467282107046 0.6079162889465038
0.5085410373467186 0.6108807151859678
0.5054589134600944 0.6122249320822158
0.5029971330559703 0.6132965599012928
0.5010273677655206 0.6141543909263727
0.49945163018960176 0.6148404415453349
0.4982085648742745 0.6153400542844099
0.49712916820951564 0.6159783816380816
0.46077187353261445 0.716193085322947
0.4601794442049605 0.716278170857245
0.443836153924059 0.7350179830795208
0.4365933668294188 0.7451223783632202
0.4281965439298343 0.7541810465171812
0.4218197391870053 0.7617755403199504
0.4153868747588071 0.7712797948546225
0.4082431569958433 0.7799767971441256
0.40204459178942525 0.7870485440916568
0.39569439126106837 0.7996984127522277
0.3887762837340611 0.8016635586729529
0.3833523515102165 0.8104191235050168
0.3786608611130995 0.8136907053667768
0.37211654146306045 0.8190288104268054
0.3680811254248372 0.8243541719485246
0.3638440602047796 0.8273080686012353
0.36127052343272453 0.8318693120157903
0.3555831477628409 0.8369725379730573
0.3542108742285806 0.8391163208703368
0.35159532385087383 0.8413252684775753
0.35002052149229546 0.8418377889789197
0.34792088597107296 0.8410336484868217
0.3468747615080958 0.8400881723464273
0.34698770284239594 0.8390497808504597
0.3475706827664083 0.8374034514375206
0.348994850283236 0.8343020613217023
0.3509772880509565 0.8295088143543912
0.35261684868152704 0.8255707379967838
0.3581098465132975 0.8187948589721427
0.3563339356300958 0.8204023652392864
0.3658125293280762 0.806149972694387
0.37109949507637047 0.7971578265348851
0.3761297414576195 0.7894487734621646
0.3803416359673165 0.7814716558011797
0.3879677711615229 0.7702058655066099
0.3956534159661437 0.7597360396859032
0.4031713567560666 0.7492716326668399
0.4121833541945901 0.735931514587052
0.42230029515841583 0.7214976434904564
0.43102326946652253 0.7093242211413482
0.4398823941818211 0.6951041556022196
0.4522193857306851 0.6786335931207129
0.4625067683104438 0.6634721103141569
0.47311105071203047 0.6498548045269643
0.4832253817439867 0.6358443942113722
0.49250109715681023 0.6230293095165161
0.505660498103338 0.605368080155325
0.5266303270784553 0.5995057054564583
0.5295176517908363 0.5748281543818292
0.541855255807952 0.5577995738831556
0.5520201703109722 0.5431314741223681
0.5638706491189709 0.5278777609876601
0.5738222733259087 0.5145902761868438
0.5844645133630718 0.5012799697303583
0.5943227724798436 0.4885741824090842
0.6032037518708017 0.47589017797809563
0.6123215042417423 0.4658826879039199
0.6233148074920172 0.45313058005460016
0.6310716033386036 0.44247145952633105
0.6388449926934983 0.4333472536387423
0.646573977386749 0.4242296217718312
0.6533194313667412 0.415136909941429
0.6542863727271897 0.4141268161897535
0.5411564415484752 0.5373816001455637
0.5158873716715375 0.5644660646667169
0.5097962011067697 0.570479902495561
0.5068260194683705 0.5734581838488061
0.5066322749907674 0.573951569785611
0.5062543373571738 0.5743754958494802
0.506260188923824 0.5744137685811433
0.5563811482102923 0.552218547016018
0.5475431038792076 0.5572797322680889
0.5517769948945507 0.5559239712067663
0.5744577127382154 0.5460323795726169
0.5758569649411793 0.5455597936045149
0.5755243159115463 0.5461033802211442
0.5758567914490821 0.5467437715015125
0.576049482497153 0.5475116028228139
0.5760395330070437 0.548443334662549
0.6768621622853568 0.4091370706436969
0.6466006706037243 0.45212644316887723
0.6548911156839903 0.4411253981860751
0.6616467056887272 0.43214961859841267
0.6670197094700836 0.4250279626102173
0.6649031037204208 0.43449881724545614
0.6686683355589068 0.4291518172933981
0.6575385339846745 0.448342171735468
0.6522005551911906 0.4580430459619913
0.6442072301586504 0.46831775224249905
0.6386027189007321 0.47795864961445644
0.6320886212918262 0.4885276283209372
0.627308740625332 0.49768976578026297
0.6220275777927127 0.5069988245040704
0.6213401912897151 0.5079431523116427
0.6192162768734208 0.5115617251242373
0.6041166228418122 0.5347492186046733
0.602461904081624 0.5375137076666879
0.6001259187615872 0.5412565508628816
0.5790327491892151 0.5727539312653219
0.5797719873175864 0.5717414861314155
0.5223048417867548 0.6080001273409221
0.5212644733973053 0.6105987852464086
0.5144807002885395 0.616173439519306
0.509124951015583 0.6206031981777154
0.5504946869985788 0.6022925058336108
0.5545025123697916 0.6007264301075403
0.5536188485758915 0.6022476809180474
0.5546216107718841 0.6025909666604027
0.5044465446642017 0.6876011645048232
0.5106188331709905 0.6786253687673331
0.4903442460755833 0.7098853743607458
0.48975284597867674 0.712145145616615
0.4732763429870853 0.7355335358899965
0.4719590330928568 0.7385605237160489
0.46855103181679675 0.7440935704576906
0.46577258676387706 0.7485936660241447
0.44513308146724045 0.7782319813384299
0.43807430260659136 0.7864668440309323
0.4335619595332405 0.7972460418449678
0.4317516737415082 0.7991854204512062
0.4201140198266713 0.8139038594702046
0.41688243701709393 0.8200955626441382
0.4117005534681431 0.8279255190536312
0.4066448810998474 0.835388966348227
0.4028645406306942 0.8411321263507201
0.3989728121340623 0.8447223294070723
0.3967201387741987 0.8491789208587717
0.39503003852691687 0.854458569055713
0.39355800245509903 0.8569875673973987
0.39230727247558933 0.8591678854734814
0.3921534182629922 0.8596660759700233
0.39303637227824384 0.8584862153859828
0.3946493033676957 0.8571573788313448
0.3967354202443388 0.8532294753536351
0.3986794872454446 0.8490205759638335
0.4029688545750907 0.8447394072501382
0.40730593639860624 0.8389709437708015
0.4127570964722516 0.8321895081877839
0.4196965247122787 0.822389795333436
0.425665634988904 0.8138582841947001
0.4328411496880428 0.8035166260071434
0.56438506241135 0.6076157967269723
0.5282222903066054 0.6617474757691266
0.4597781065869517 0.7631348392193902
0.4692475296138783 0.7476754966742609
0.47980134834443516 0.7331248964386993
0.49160821219551676 0.7145392282842923
0.5024615335367104 0.6975125699199776
0.5149115674282541 0.68135763301687
0.5273664629578185 0.6622651567683692
0.5312819671321832 0.5978227155516453
0.5325860913589343 0.5836869509931476
0.5532395289672681 0.5448266740793407
0.5747378047407892 0.5848457874790426
0.5897735346660001 0.5673540124601157
0.6017905215556453 0.5473409677012607
0.6149093726080673 0.5296331794584921
0.6260702953199115 0.5116913605872362
0.6384245391913859 0.4933709238570175
0.6495883748644442 0.4739000173012
0.6608981521232077 0.4560836987610282
0.673601665365947 0.4394363111200963
0.6839734358832692 0.42088994213279524
0.684715146952257 0.4208319133194425
0.5627415134889954 0.5197039741863883
0.5502214682427754 0.5290382143117515
0.5481337982638403 0.5285434279357933
0.7405754111915009 0.33758845671756005
0.7521545943863238 0.3209678558930391
0.7600976005146971 0.30668137983745175
0.7734229480070354 0.2887286938966285
0.783800264592557 0.27805544916139585
0.5849349446368559 0.6749773682194122
0.590977654986374 0.6693184604983352
0.5755939607467444 0.7043608404021933
0.5631643895799814 0.7326347232882005
0.5532305675738378 0.7552345811321116
0.5452836780564485 0.7733141412193779
0.538925374114155 0.7877793148869763
0.5336603335550185 0.7996949162426196
0.5303149596430763 0.8075588415689317
0.8889671522892869 0.11819656971796944
0.8819730542709395 0.13258827883136598
0.9105454439845382 0.08655345279307049
0.9188348170396287 0.07322464203715497
0.9304019584332297 0.05744898681883729
0.9397425766216232 0.04441726773882191
0.9493048169872543 0.031226207620540528
0.9591614950781125 0.017707435125250543
0.9668783236790022 0.0098384227217631
0.9702933919021685 0.004111445094092881
0.9732002704355732 0.0006702075246737721
0.5519736681574692 0.4312481232625715
0.594180437188552 0.38716355620930787
0.5337076129765387 0.4525265970770063
0.5239634847344545 0.4617674620041817
0.4994611921256866 0.4868626924978327
0.5212198450376682 0.4707905877092581
0.5216846965363257 0.4676266043372149
0.5073158310331939 0.4834112070965559
0.5026568634789309 0.48848739865679663
0.4989890541065021 0.4924906238125778
0.5122059196484788 0.4815809163679614
0.5103835803477438 0.48368480146671744
0.5097698583251572 0.48463027991015345
0.5092867425284002 0.48537979289539057
0.5088998447458144 0.4859797573051387
0.5085903217931078 0.4864597329631411
0.5083427036234949 0.48684371332125953
0.5081446090911189 0.4871508976015278
0.5079861334574667 0.4873966450769147
0.5078593517672326 0.48759325094885425
0.5077579370524486 0.4877504647043928
0.5076792215200088 0.48786012154221065
0.5076045706953873 0.4880257315395168
0.5026512039627156 0.5207944842115465
0.5025504483361268 0.5212537980553408
0.5023763182260906 0.522244981716665
0.5022349025370278 0.5230520111456004
0.50212181240042 0.5236973518208282
0.5020313414283146 0.5242136167770266
0.5019589646317525 0.5246266288678815
0.5019010631938985 0.5249570385445969
0.5018547420436236 0.5252213662859145
0.5018176851234039 0.5254328284789667
0.5017880395872281 0.5256019982334084
0.5017643231582873 0.5257373340369615
0.5017453500151349 0.5258456026798043
0.5017301715006128 0.5259322175940783
0.5017180286889953 0.5260015095254977
0.5017083144397012 0.5260569430706331
0.5017005430402658 0.5261012899067415
0.5016943259207177 0.5261367673756282
0.501689352225079 0.5261651493507377
0.5016853732685641 0.5261878549308354
0.5016821901034243 0.5262060193947313
0.5016796435796498 0.5262205509447505
0.5016776062494652 0.5262321764660608
0.5016759592159872 0.5262415203288004
0.5016747959421697 0.5262486048404933
0.5017089239587993 0.526165559224978
0.5015667603008785 0.5265279438030722
0.4304481764896548 0.7064902590765909
0.42962291696681687 0.7085802119826048
0.42873231952652613 0.7108351583194891
0.42799143133093376 0.7127110053601448
0.42739877900275697 0.7142115356503692
0.42692467141896007 0.715411923751266
0.42654538535136216 0.716372234233415
0.4262419564900077 0.7171404826373101
0.4259992133827514 0.7177550813791361
0.42580501913902347 0.7182467601233276
0.4256497011386844 0.7186400646606825
0.4255251106445219 0.7189550545494048
0.4253490812056892 0.7192855772245865
0.4255771831631618 0.7191693696091166
0.5804062142592491 0.5600226109945646
0.5824859750476851 0.5603390765766492
0.5833236826287436 0.5617303858058695
0.5876217795904333 0.5565354059456435
0.5878492869714729 0.5678488086082369
0.5892190716790779 0.571165572864227
0.5911749072629813 0.5744568932018136
0.5933480653363652 0.5766285120391409
0.59406580964048 0.5770274968732201
0.5955235881873364 0.5826805311633918
0.5953390361592785 0.5856384209693697
0.6953385686466923 0.6066982689356624
0.721422738501509 0.6121742744147836
0.7304447462104489 0.6139981136977986
0.7324801297162533 0.6144318484520606
0.7320962051257539 0.6144164026816276
0.7320210066268935 0.6144211128679561
0.7316955531124478 0.6143487323420473
0.7317993490031407 0.6145063985905579
0.7316160730995735 0.6144294649135805
0.7314129044357996 0.6145448698163112
0.7313679077737092 0.614516149278187
0.7314059408886509 0.6144396899861034
0.7315452234222315 0.6145061313045868
0.7315535325963917 0.6145121345112237
0.7315599201549939 0.6145167794915343
0.7315650810885547 0.6145205186662207
0.7315692100663248 0.6145235101307465
0.7315725132236335 0.6145259032910549
0.7315751557493156 0.6145278178192171
0.7315772697698737 0.6145293494417523
0.7315789609863202 0.6145305747397805
0.7315803139594773 0.6145315549782032
0.731581396338003 0.6145323391689412
0.7315822622408236 0.6145329665215314
0.7315829549630801 0.614533468403604
0.7315835091408852 0.6145338699092617
0.7315839524831295 0.6145341911137879
0.7315843071569247 0.614534448077409
0.7315845908959608 0.6145346536483057
0.73158481788719 0.6145348181050233
0.7315849994801729 0.6145349496703975
0.7315851447545597 0.6145350549226967
0.7315852609740688 0.614535139124536
0.7315853539496762 0.6145352064860073
0.7315854283301623 0.6145352603751846
0.7315854878345509 0.6145353034865264
0.7315855354380619 0.6145353379755997
0.7315855735208708 0.6145353655668585
0.7315856039871179 0.6145353876398655
0.7315856283601154 0.6145354052982709
0.7315856478585134 0.6145354194249955
0.7315856634572319 0.614535430726375
0.7315856759362067 0.6145354397674787
0.7315856859193864 0.6145354470003616
0.7315856939059304 0.6145354527866678
0.7315857002951656 0.6145354574157129
0.7315857054065535 0.6145354611189491
0.731585709495664 0.6145354640815377
0.7315857127669523 0.6145354664516088
0.7315857153839829 0.6145354683476656
0.7315857174776075 0.6145354698645111
0.7315857191525073 0.6145354710779876
0.731585720492427 0.6145354720487687
0.7315857215643625 0.6145354728253936
0.7315857224219114 0.6145354734466933
0.7315857231079501 0.6145354739437331
0.7315857236567375 0.6145354743413336
0.7315857240958987 0.614535474659509
